{
  "mobSpawnRate": 1,
  "mobLevelRate": 1.3016479,
  "mobTier": 0.45775932,
  "mobAI": 0.975158
}