#
#Thu Jun 06 17:40:50 CEST 2019
window_width=1280
general_volume=39.310344827586206
language=german
sound_volume=70.34482758620689
window_mode=Windowed
mob_ai=0.8344594594594594
music_volume=38.275862068965516
mob_level=0.9504265130018144
mob_tier=0.45271549518537474
spawn_rate=16
window_height=720
